=~=~=~=~=~=~=~=~=~=~=~= PuTTY log 2024.03.14 20:42:29 =~=~=~=~=~=~=~=~=~=~=~=
,0
45,8.00,8.65,0
45,8.00,8.72,0
45,8.00,8.72,0
45,8.00,8.65,0
45,8.00,8.52,0
45,8.00,8.78,0
45,8.00,8.78,0
45,8.00,8.78,0
45,8.00,8.78,0
45,8.00,8.72,0
45,8.00,8.78,0
45,8.00,8.78,0
45,8.00,8.84,0
45,8.00,8.84,0
45,8.00,8.78,0
45,8.00,8.84,0
45,8.00,8.98,0
45,8.00,8.91,0
45,8.00,8.98,0
45,8.00,8.91,0
45,8.00,8.91,0
45,8.00,8.98,0
45,8.00,8.98,0
45,8.00,8.84,0
45,8.00,8.91,0
45,8.00,8.98,0
45,8.00,8.98,0
45,8.00,8.98,0
45,8.00,9.04,0
45,8.00,9.30,0
45,8.00,9.11,0
45,8.00,9.30,0
45,8.00,9.30,0
45,8.00,9.04,0
45,8.00,9.11,0
45,8.00,9.24,0
45,8.00,9.11,0
45,8.00,9.24,0
45,8.00,9.11,0
45,8.00,9.24,0
45,8.00,9.37,0
45,8.00,9.30,0
45,8.00,9.30,0
45,8.00,9.30,0
45,8.00,9.37,0
45,8.00,9.50,0
45,8.00,9.43,0
45,8.00,9.50,0
45,8.00,9.43,0
45,8.00,9.30,0
45,8.00,9.43,0
45,8.00,9.43,0
45,8.00,9.50,0
45,8.00,9.43,0
45,8.00,9.50,0
45,8.00,9.50,0
45,8.00,9.43,0
45,8.00,9.43,0
45,8.00,9.50,0
45,8.00,9.37,0
45,8.00,9.50,0
45,8.00,9.37,0
45,8.00,9.43,0
45,8.00,9.63,0
45,8.00,9.63,0
45,8.00,9.57,0
45,8.00,9.63,0
45,8.00,9.57,0
45,8.00,9.63,0
45,8.00,9.77,0
45,8.00,9.63,0
45,8.00,9.77,0
45,8.00,9.77,0
45,8.00,9.77,0
45,8.00,9.83,0
45,8.00,9.77,0
45,8.00,9.83,0
45,8.00,9.90,0
45,8.00,9.83,0
45,8.00,9.77,0
45,8.00,9.83,0
45,8.00,9.90,0
45,8.00,9.63,0
45,8.00,9.63,0
45,8.00,9.97,0
45,8.00,9.90,0
45,8.00,9.83,0
45,8.00,9.90,0
45,8.00,9.83,0
45,8.00,9.83,0
45,8.00,9.83,0
45,8.00,9.97,0
45,8.00,9.90,0
45,8.00,9.83,0
45,8.00,10.03,0
45,8.00,9.83,0
45,8.00,9.83,0
45,8.00,9.77,0
45,8.00,9.77,0
45,8.00,9.83,0
45,8.00,9.83,0
45,8.00,9.90,0
45,8.00,9.83,0
45,8.00,9.90,0
45,8.00,9.77,0
45,8.00,9.90,0
45,8.00,9.90,0
45,8.00,9.90,0
45,8.00,9.97,0
45,8.00,9.90,0
45,8.00,9.97,0
45,8.00,10.03,0
45,8.00,10.24,0
45,8.00,10.03,0
45,8.00,9.97,0
45,8.00,9.83,0
45,8.00,9.90,0
45,8.00,9.90,0
45,8.00,10.03,0
45,8.00,10.17,0
45,8.00,10.10,0
45,8.00,9.97,0
45,8.00,10.03,0
45,8.00,10.03,0
45,8.00,10.17,0
45,8.00,10.30,0
45,8.00,10.03,0
45,8.00,10.17,0
45,8.00,9.97,0
45,8.00,9.97,0
45,8.00,9.97,0
45,8.00,10.03,0
45,8.00,9.97,0
45,8.00,9.97,0
45,8.00,10.17,0
45,8.00,10.10,0
45,8.00,9.97,0
45,8.00,9.97,0
45,8.00,9.97,0
45,8.00,9.97,0
45,8.00,10.10,0
45,8.00,9.97,0
45,8.00,10.10,0
45,8.00,10.10,0
45,8.00,10.10,0
45,8.00,10.17,0
45,8.00,10.10,0
45,8.00,10.17,0
45,8.00,10.17,0
45,8.00,10.10,0
45,8.00,10.10,0
45,8.00,10.17,0
45,8.00,10.10,0
45,8.00,10.24,0
45,8.00,10.17,0
45,8.00,10.10,0
45,8.00,10.03,0
45,8.00,10.17,0
45,8.00,10.03,0
45,8.00,10.03,0
45,8.00,10.10,0
45,8.00,10.10,0
45,8.00,10.17,0
45,8.00,10.10,0
45,8.00,10.10,0
45,8.00,10.30,0
45,8.00,10.10,0
45,8.00,10.30,0
45,8.00,10.17,0
45,8.00,10.10,0
45,8.00,10.30,0
45,8.00,10.17,0
45,8.00,10.10,0
45,8.00,10.30,0
45,8.00,10.17,0
45,8.00,10.30,0
45,8.00,10.24,0
45,8.00,10.10,0
45,8.00,10.03,0
45,8.00,10.10,0
45,8.00,10.10,0
45,8.00,9.97,0
45,8.00,9.97,0
45,8.00,10.03,0
45,8.00,10.10,0
45,8.00,9.90,0
45,8.00,10.10,0
45,8.00,9.97,0
45,8.00,10.03,0
45,8.00,10.10,0
45,8.00,10.03,0
45,8.00,9.97,0
45,8.00,9.90,0
45,8.00,9.90,0
45,8.00,9.90,0
45,8.00,9.90,0
45,8.00,9.97,0
45,8.00,9.90,0
45,8.00,9.90,0
45,8.00,9.90,0
45,8.00,10.03,0
45,8.00,9.97,0
45,8.00,9.83,0
45,8.00,9.90,0
45,8.00,9.83,0
45,8.00,9.97,0
45,8.00,9.97,0
45,8.00,10.03,0
45,8.00,10.03,0
45,8.00,9.97,0
45,8.00,9.90,0
45,8.00,9.90,0
45,8.00,9.77,0
45,8.00,9.90,0
45,8.00,9.83,0
45,8.00,9.77,0
45,8.00,9.63,0
45,8.00,9.83,0
45,8.00,9.90,0
45,8.00,10.03,0
45,8.00,10.03,0
45,8.00,9.97,0
45,8.00,9.97,0
45,8.00,10.03,0
45,8.00,9.97,0
45,8.00,9.90,0
45,8.00,9.83,0
45,8.00,9.90,0
45,8.00,9.97,0
45,8.00,9.97,0
45,8.00,9.90,0
45,8.00,9.83,0
45,8.00,9.83,0
45,8.00,9.63,0
45,8.00,9.63,0
45,8.00,9.83,0
45,8.00,9.77,0
45,8.00,9.63,0
45,8.00,9.77,0
45,8.00,9.77,0
45,8.00,9.77,0
45,8.00,9.77,0
45,8.00,9.57,0
45,8.00,9.83,0
45,8.00,9.83,0
45,8.00,9.83,0
45,8.00,9.83,0
45,8.00,9.77,0
45,8.00,9.63,0
45,8.00,9.57,0
45,8.00,9.43,0
45,8.00,9.50,0
45,8.00,9.50,0
45,8.00,9.57,0
45,8.00,9.63,0
45,8.00,9.57,0
45,8.00,9.77,0
45,8.00,9.77,0
45,8.00,9.63,0
45,8.00,9.63,0
45,8.00,9.63,0
45,8.00,9.63,0
45,8.00,9.57,0
45,8.00,9.57,0
45,8.00,9.50,0
45,8.00,9.50,0
45,8.00,9.90,0
45,8.00,9.70,0
45,8.00,9.50,0
45,8.00,9.50,0
45,8.00,9.50,0
45,8.00,9.50,0
45,8.00,9.50,0
45,8.00,9.50,0
45,8.00,9.50,0
45,8.00,9.37,0
45,8.00,9.30,0
45,8.00,9.30,0
45,8.00,9.24,0
45,8.00,9.50,0
45,8.00,9.30,0
45,8.00,9.24,0
45,8.00,9.24,0
45,8.00,9.24,0
45,8.00,9.30,0
45,8.00,9.30,0
45,8.00,9.24,0
45,8.00,9.24,0
45,8.00,9.24,0
45,8.00,9.30,0
45,8.00,9.11,0
45,8.00,9.37,0
45,8.00,9.37,0
45,8.00,9.30,0
45,8.00,9.30,0
45,8.00,9.37,0
45,8.00,9.24,0
45,8.00,9.24,0
45,8.00,9.37,0
45,8.00,9.30,0
45,8.00,9.24,0
45,8.00,9.24,0
45,8.00,9.04,0
45,8.00,9.11,0
45,8.00,9.30,0
45,8.00,9.11,0
45,8.00,9.17,0
45,8.00,9.11,0
45,8.00,9.04,0
45,8.00,9.11,0
45,8.00,9.04,0
45,8.00,8.91,0
45,8.00,9.04,0
45,8.00,8.98,0
45,8.00,8.98,0
45,8.00,8.98,0
45,8.00,8.84,0
45,8.00,8.98,0
45,8.00,9.11,0
45,8.00,9.04,0
45,8.00,8.91,0
45,8.00,8.98,0
45,8.00,9.04,0
45,8.00,9.04,0
45,8.00,8.98,0
45,8.00,8.91,0
45,8.00,8.84,0
45,8.00,8.84,0
45,8.00,8.91,0
45,8.00,8.84,0
45,8.00,8.91,0
45,8.00,8.84,0
45,8.00,8.78,0
45,8.00,8.91,0
45,8.00,8.84,0
45,8.00,8.98,0
45,8.00,8.78,0
45,8.00,8.65,0
45,8.00,8.59,0
45,8.00,8.91,0
45,8.00,8.78,0
45,8.00,8.78,0
45,8.00,8.72,0
45,8.00,8.84,0
45,8.00,8.72,0
45,8.00,8.84,0
45,8.00,8.72,0
45,8.00,8.72,0
45,8.00,8.72,0
45,8.00,8.59,0
45,8.00,8.59,0
45,8.00,8.72,0
45,8.00,8.52,0
45,8.00,8.52,0
45,8.00,8.52,0
45,8.00,8.46,0
45,8.00,8.59,0
45,8.00,8.52,0
45,8.00,8.46,0
45,8.00,8.46,0
45,8.00,8.59,0
45,8.00,8.39,0
45,8.00,8.39,0
45,8.00,8.52,0
45,8.00,8.33,0
45,8.00,8.39,0
45,8.00,8.39,0
45,8.00,8.46,0
45,8.00,8.39,0
45,8.00,8.33,0
45,8.00,8.33,0
45,8.00,8.39,0
45,8.00,8.46,0
45,8.00,8.46,0
45,8.00,8.39,0
45,8.00,8.27,0
45,8.00,8.27,0
45,8.00,8.39,0
45,8.00,8.33,0
45,8.00,8.27,0
45,8.00,8.20,0
45,8.00,8.27,0
45,8.00,8.33,0
45,8.00,8.20,0
45,8.00,8.20,0
45,8.00,8.20,0
45,8.00,8.27,0
45,8.00,8.20,0
45,8.00,8.20,0
45,8.00,8.20,0
45,8.00,8.20,0
45,8.00,8.08,0
45,8.00,8.27,0
45,8.00,8.20,0
45,8.00,8.27,0
45,8.00,8.20,0
45,8.00,8.33,0
45,8.00,8.20,0
45,8.00,8.27,0
45,8.00,8.20,0
45,8.00,8.08,0
45,8.00,8.08,0
45,8.00,8.08,0
45,8.00,8.01,0
45,8.00,8.08,0
45,8.00,7.95,0
45,8.00,8.01,0
45,8.00,8.01,0
45,8.00,8.01,0
45,8.00,8.01,0
45,8.00,8.20,0
45,8.00,7.95,0
45,8.00,8.08,0
45,8.00,8.08,0
45,8.00,8.08,0
45,8.00,7.95,0
45,8.00,8.01,0
45,8.00,8.01,0
45,8.00,8.01,0
45,8.00,8.08,0
45,8.00,8.08,0
45,8.00,8.08,0
45,8.00,7.95,0
45,8.00,7.95,0
45,8.00,8.01,0
45,8.00,8.39,0
45,8.00,8.01,0
45,8.00,7.89,0
45,8.00,7.95,0
45,8.00,8.01,0
45,8.00,7.95,0
45,8.00,7.95,0
45,8.00,7.89,0
45,8.00,7.95,0
45,8.00,7.95,0
45,8.00,7.95,0
45,8.00,7.95,0
45,8.00,7.76,0
45,8.00,7.82,0
45,8.00,7.82,0
45,8.00,7.76,0
45,8.00,7.76,0
45,8.00,7.89,0
45,8.00,7.76,0
45,8.00,7.82,0
45,8.00,7.76,0
45,8.00,7.70,0
45,8.00,7.70,0
45,8.00,7.76,0
45,8.00,7.57,0
45,8.00,7.76,0
45,8.00,7.82,0
45,8.00,7.70,0
45,8.00,7.76,0
45,8.00,7.76,0
45,8.00,7.76,0
45,8.00,7.76,0
45,8.00,7.76,0
45,8.00,7.70,0
45,8.00,7.76,0
45,8.00,7.76,0
45,8.00,7.70,0
45,8.00,7.70,0
45,8.00,7.76,0
45,8.00,7.70,0
45,8.00,7.63,0
45,8.00,7.70,0
45,8.00,7.57,0
45,8.00,7.63,0
45,8.00,7.63,0
45,8.00,7.51,0
45,8.00,7.57,0
45,8.00,7.39,0
45,8.00,7.45,0
45,8.00,7.45,0
45,8.00,7.39,0
45,8.00,7.39,0
45,8.00,7.51,0
45,8.00,7.39,0
45,8.00,7.51,0
45,8.00,7.51,0
45,8.00,7.32,0
45,8.00,7.39,0
45,8.00,7.39,0
45,8.00,7.51,0
45,8.00,7.45,0
45,8.00,7.32,0
45,8.00,7.39,0
45,8.00,7.45,0
45,8.00,7.45,0
45,8.00,7.57,0
45,8.00,7.45,0
45,8.00,7.57,0
45,8.00,7.57,0
45,8.00,7.45,0
45,8.00,7.51,0
45,8.00,7.51,0
45,8.00,7.32,0
45,8.00,7.32,0
45,8.00,7.32,0
45,8.00,7.45,0
45,8.00,7.51,0
45,8.00,7.45,0
45,8.00,7.45,0
45,8.00,7.45,0
45,8.00,7.39,0
45,8.00,7.39,0
45,8.00,7.57,0
45,8.00,7.20,0
45,8.00,7.32,0
45,8.00,7.32,0
45,8.00,7.26,0
45,8.00,7.26,0
45,8.00,7.32,0
45,8.00,7.32,0
45,8.00,7.32,0
45,8.00,7.26,0
45,8.00,7.14,0
45,8.00,7.20,0
45,8.00,7.32,0
45,8.00,7.26,0
45,8.00,7.20,0
45,8.00,7.32,0
45,8.00,7.26,0
45,8.00,7.32,0
45,8.00,7.39,0
45,8.00,7.26,0
45,8.00,7.39,0
45,8.00,7.39,0
45,8.00,7.26,0
45,8.00,7.26,0
45,8.00,7.45,0
45,8.00,7.32,0
45,8.00,7.26,0
45,8.00,7.39,0
45,8.00,7.26,0
45,8.00,7.32,0
45,8.00,7.26,0
45,8.00,7.32,0
45,8.00,7.32,0
45,8.00,7.32,0
45,8.00,7.26,0
45,8.00,7.26,0
45,8.00,7.32,0
45,8.00,7.20,0
45,8.00,7.26,0
45,8.00,7.20,0
45,8.00,7.26,0
45,8.00,7.20,0
45,8.00,7.20,0
45,8.00,7.20,0
45,8.00,7.20,0
45,8.00,7.20,0
45,8.00,7.20,0
45,8.00,6.96,0
45,8.00,7.08,0
45,8.00,7.08,0
45,8.00,7.26,0
45,8.00,7.26,0
45,8.00,7.20,0
45,8.00,7.20,0
45,8.00,7.20,0
45,8.00,7.39,0
45,8.00,7.20,0
45,8.00,7.20,0
45,8.00,7.14,0
45,8.00,7.02,0
45,8.00,7.02,0
45,8.00,7.08,0
45,8.00,7.08,0
45,8.00,7.08,0
45,8.00,7.26,0
45,8.00,7.14,0
45,8.00,7.20,0
45,8.00,7.20,0
45,8.00,7.32,0
45,8.00,7.20,0
45,8.00,7.32,0
45,8.00,7.20,0
45,8.00,7.02,0
45,8.00,7.20,0
45,8.00,6.96,0
45,8.00,7.26,0
45,8.00,7.26,0
45,8.00,7.08,0
45,8.00,7.26,0
45,8.00,7.20,0
45,8.00,7.08,0
45,8.00,7.08,0
45,8.00,7.20,0
45,8.00,7.02,0
45,8.00,7.08,0
45,8.00,7.02,0
45,8.00,7.02,0
45,8.00,7.08,0
45,8.00,7.08,0
45,8.00,7.08,0
45,8.00,7.20,0
45,8.00,7.32,0
45,8.00,7.08,0
45,8.00,7.20,0
45,8.00,7.20,0
45,8.00,7.20,0
45,8.00,7.20,0
45,8.00,7.32,0
45,8.00,7.32,0
45,8.00,7.26,0
45,8.00,7.26,0
45,8.00,7.14,0
45,8.00,7.26,0
45,8.00,7.26,0
45,8.00,7.26,0
45,8.00,7.26,0
45,8.00,7.20,0
45,8.00,7.20,0
45,8.00,7.14,0
45,8.00,7.02,0
45,8.00,7.02,0
45,8.00,7.08,0
45,8.00,7.02,0
45,8.00,7.08,0
45,8.00,7.02,0
45,8.00,6.90,0
45,8.00,7.08,0
45,8.00,7.08,0
45,8.00,7.20,0
45,8.00,7.20,0
45,8.00,7.32,0
45,8.00,7.26,0
45,8.00,7.32,0
45,8.00,7.20,0
45,8.00,7.26,0
45,8.00,7.26,0
45,8.00,7.26,0
45,8.00,7.20,0
45,8.00,7.14,0
45,8.00,7.20,0
45,8.00,7.26,0
45,8.00,7.20,0
45,8.00,7.26,0
45,8.00,7.32,0
45,8.00,7.32,0
45,8.00,7.14,0
45,8.00,7.20,0
45,8.00,7.32,0
45,8.00,7.02,0
45,8.00,7.08,0
45,8.00,7.26,0
45,8.00,7.08,0
45,8.00,7.20,0
45,8.00,7.20,0
45,8.00,7.20,0
45,8.00,7.14,0
45,8.00,7.32,0
45,8.00,7.26,0
45,8.00,7.26,0
45,8.00,7.32,0
45,8.00,7.26,0
45,8.00,7.26,0
45,8.00,7.32,0
45,8.00,7.32,0
45,8.00,7.32,0
45,8.00,7.20,0
45,8.00,7.39,0
45,8.00,7.32,0
45,8.00,7.20,0
45,8.00,7.26,0
45,8.00,7.26,0
45,8.00,7.32,0
45,8.00,6.96,0
45,8.00,7.20,0
45,8.00,7.08,0
45,8.00,7.08,0
45,8.00,7.20,0
45,8.00,7.26,0
45,8.00,7.32,0
45,8.00,7.20,0
45,8.00,7.39,0
45,8.00,7.26,0
45,8.00,7.32,0
45,8.00,7.39,0
45,8.00,7.39,0
45,8.00,7.39,0
45,8.00,7.39,0
45,8.00,7.39,0
45,8.00,7.32,0
45,8.00,7.32,0
45,8.00,7.32,0
45,8.00,7.39,0
45,8.00,7.32,0
45,8.00,7.20,0
45,8.00,7.39,0
45,8.00,7.32,0
45,8.00,7.26,0
45,8.00,7.39,0
45,8.00,7.39,0
45,8.00,7.39,0
45,8.00,7.45,0
45,8.00,7.39,0
45,8.00,7.32,0
45,8.00,7.26,0
45,8.00,7.45,0
45,8.00,7.45,0
45,8.00,7.32,0
45,8.00,7.51,0
45,8.00,7.32,0
45,8.00,7.32,0
45,8.00,7.20,0
45,8.00,7.26,0
45,8.00,7.26,0
45,8.00,7.20,0
45,8.00,7.32,0
45,8.00,7.39,0
45,8.00,7.26,0
45,8.00,7.32,0
45,8.00,7.45,0
45,8.00,7.39,0
45,8.00,7.32,0
45,8.00,7.39,0
45,8.00,7.32,0
45,8.00,7.32,0
45,8.00,7.32,0
45,8.00,7.32,0
45,8.00,7.32,0
45,8.00,7.45,0
45,8.00,7.45,0
45,8.00,7.39,0
45,8.00,7.39,0
45,8.00,7.51,0
45,8.00,7.51,0
45,8.00,7.45,0
45,8.00,7.51,0
45,8.00,7.39,0
45,8.00,7.51,0
45,8.00,7.45,0
45,8.00,7.39,0
45,8.00,7.45,0
45,8.00,7.45,0
45,8.00,7.32,0
45,8.00,7.39,0
45,8.00,7.32,0
45,8.00,7.45,0
45,8.00,7.57,0
45,8.00,7.51,0
45,8.00,7.51,0
45,8.00,7.51,0
45,8.00,7.51,0
45,8.00,7.45,0
45,8.00,7.57,0
45,8.00,7.51,0
45,8.00,7.51,0
45,8.00,7.45,0
45,8.00,7.51,0
45,8.00,7.45,0
45,8.00,7.45,0
45,8.00,7.51,0
45,8.00,7.45,0
45,8.00,7.51,0
45,8.00,7.57,0
45,8.00,7.51,0
45,8.00,7.57,0
45,8.00,7.63,0
45,8.00,7.51,0
45,8.00,7.45,0
45,8.00,7.45,0
45,8.00,7.51,0
45,8.00,7.57,0
45,8.00,7.70,0
45,8.00,7.70,0
45,8.00,7.63,0
45,8.00,7.70,0
45,8.00,7.51,0
45,8.00,7.51,0
45,8.00,7.70,0
45,8.00,7.57,0
45,8.00,7.63,0
45,8.00,7.70,0
45,8.00,7.76,0
45,8.00,7.70,0
45,8.00,7.76,0
45,8.00,7.57,0
45,8.00,7.51,0
45,8.00,7.39,0
45,8.00,7.51,0
45,8.00,7.82,0
45,8.00,7.76,0
45,8.00,7.76,0
45,8.00,7.51,0
45,8.00,7.63,0
45,8.00,7.70,0
45,8.00,7.51,0
45,8.00,7.76,0
45,8.00,7.57,0
45,8.00,7.57,0
45,8.00,7.51,0
45,8.00,7.51,0
45,8.00,7.76,0
45,8.00,7.76,0
45,8.00,7.76,0
45,8.00,7.57,0
45,8.00,7.70,0
45,8.00,7.70,0
45,8.00,7.76,0
45,8.00,7.76,0
45,8.00,7.89,0
45,8.00,7.76,0
45,8.00,7.76,0
45,8.00,7.82,0
45,8.00,7.89,0
45,8.00,7.82,0
45,8.00,7.70,0
45,8.00,7.70,0
45,8.00,7.70,0
45,8.00,7.70,0
45,8.00,7.70,0
45,8.00,7.70,0
45,8.00,7.76,0
45,8.00,7.76,0
45,8.00,7.76,0
45,8.00,7.70,0
45,8.00,7.70,0
45,8.00,7.76,0
45,8.00,7.70,0
45,8.00,7.89,0
45,8.00,7.82,0
45,8.00,7.82,0
45,8.00,7.89,0
45,8.00,7.76,0
45,8.00,7.70,0
45,8.00,7.82,0
45,8.00,7.95,0
45,8.00,7.76,0
45,8.00,7.89,0
45,8.00,7.82,0
45,8.00,7.89,0
45,8.00,7.82,0
45,8.00,7.70,0
45,8.00,7.76,0
45,8.00,7.76,0
45,8.00,7.89,0
45,8.00,7.89,0
45,8.00,7.95,0
45,8.00,7.95,0
45,8.00,8.01,0
45,8.00,7.95,0
45,8.00,7.95,0
45,8.00,7.95,0
45,8.00,7.95,0
45,8.00,7.82,0
45,8.00,7.95,0
45,8.00,7.82,0
45,8.00,7.89,0
45,8.00,7.82,0
45,8.00,7.82,0
45,8.00,7.89,0
45,8.00,7.82,0
45,8.00,7.82,0
45,8.00,7.95,0
45,8.00,7.95,0
45,8.00,8.08,0
45,8.00,8.08,0
45,8.00,8.01,0
45,8.00,7.89,0
45,8.00,8.01,0
45,8.00,7.95,0
45,8.00,7.89,0
45,8.00,7.89,0
45,8.00,8.01,0
45,8.00,7.89,0
45,8.00,8.01,0
45,8.00,7.82,0
45,8.00,7.95,0
45,8.00,8.01,0
45,8.00,8.08,0
45,8.00,8.08,0
45,8.00,8.08,0
45,8.00,8.01,0
45,8.00,8.01,0
45,8.00,7.89,0
45,8.00,8.01,0
45,8.00,7.95,0
45,8.00,7.95,0
45,8.00,7.95,0
45,8.00,8.01,0
45,8.00,8.08,0
45,8.00,7.82,0
45,8.00,8.20,0
45,8.00,8.08,0
45,8.00,8.20,0
45,8.00,8.08,0
45,8.00,8.01,0
45,8.00,8.01,0
45,8.00,8.01,0
45,8.00,7.95,0
45,8.00,8.01,0
45,8.00,8.33,0
45,8.00,8.01,0
45,8.00,8.08,0
45,8.00,8.08,0
45,8.00,8.08,0
45,8.00,8.27,0
45,8.00,8.27,0
45,8.00,8.20,0
45,8.00,8.20,0
45,8.00,8.59,0
45,8.00,8.20,0
45,8.00,8.27,0
45,8.00,8.27,0
45,8.00,8.27,0
45,8.00,8.27,0
45,8.00,8.20,0
45,8.00,8.20,0
45,8.00,8.20,0
45,8.00,8.08,0
45,8.00,8.20,0
45,8.00,8.01,0
45,8.00,8.01,0
45,8.00,8.27,0
45,8.00,8.20,0
45,8.00,8.20,0
45,8.00,8.33,0
45,8.00,8.27,0
45,8.00,8.08,0
45,8.00,8.08,0
45,8.00,8.08,0
45,8.00,8.20,0
45,8.00,8.08,0
45,8.00,8.01,0
45,8.00,8.20,0
45,8.00,8.20,0
45,8.00,8.20,0
45,8.00,8.08,0
45,8.00,8.33,0
45,8.00,8.27,0
45,8.00,8.27,0
45,8.00,8.27,0
45,8.00,8.39,0
45,8.00,8.39,0
45,8.00,8.33,0
45,8.00,8.33,0
45,8.00,8.01,0
45,8.00,8.33,0
45,8.00,8.27,0
45,8.00,8.27,0
45,8.00,8.20,0
45,8.00,8.20,0
45,8.00,8.39,0
45,8.00,8.27,0
45,8.00,8.33,0
45,8.00,8.33,0
45,8.00,8.27,0
45,8.00,8.33,0
45,8.00,8.33,0
45,8.00,8.20,0
45,8.00,8.20,0
45,8.00,8.27,0
45,8.00,8.08,0
45,8.00,8.20,0
45,8.00,8.27,0
45,8.00,8.27,0
45,8.00,8.27,0
45,8.00,8.33,0
45,8.00,8.27,0
45,8.00,8.27,0
45,8.00,8.33,0
45,8.00,8.33,0
45,8.00,8.33,0
45,8.00,8.33,0
45,8.00,8.20,0
45,8.00,8.20,0
45,8.00,8.27,0
45,8.00,8.27,0
45,8.00,8.27,0
45,8.00,8.27,0
45,8.00,8.39,0
45,8.00,8.33,0
45,8.00,8.27,0
45,8.00,8.33,0
45,8.00,8.33,0
45,8.00,8.33,0
45,8.00,8.20,0
45,8.00,8.20,0
45,8.00,8.08,0
45,8.00,8.27,0
45,8.00,8.33,0
45,8.00,8.20,0
45,8.00,8.20,0
45,8.00,8.20,0
45,8.00,8.08,0
45,8.00,8.27,0
45,8.00,8.59,0
45,8.00,8.33,0
45,8.00,8.39,0
45,8.00,8.39,0
45,8.00,8.33,0
45,8.00,8.46,0
45,8.00,8.33,0
45,8.00,8.27,0
45,8.00,8.59,0
45,8.00,8.46,0
45,8.00,8.33,0
45,8.00,8.33,0
45,8.00,8.27,0
45,8.00,8.33,0
45,8.00,8.27,0
45,8.00,8.46,0
45,8.00,8.33,0
45,8.00,8.33,0
45,8.00,8.46,0
45,8.00,8.39,0
45,8.00,8.59,0
45,8.00,8.39,0
45,8.00,8.39,0
45,8.00,8.39,0
45,8.00,8.52,0
45,8.00,8.46,0
45,8.00,8.46,0
45,8.00,8.39,0
45,8.00,8.39,0
45,8.00,8.39,0
45,8.00,8.46,0
45,8.00,8.39,0
45,8.00,8.46,0
45,8.00,8.27,0
45,8.00,8.33,0
45,8.00,8.27,0
45,8.00,8.27,0
45,8.00,8.39,0
45,8.00,8.39,0
45,8.00,8.46,0
45,8.00,8.39,0
45,8.00,8.46,0
45,8.00,8.46,0
45,8.00,8.33,0
45,8.00,8.27,0
45,8.00,8.27,0
45,8.00,8.33,0
45,8.00,8.20,0
45,8.00,8.39,0
45,8.00,8.39,0
45,8.00,8.27,0
45,8.00,8.46,0
45,8.00,8.52,0
45,8.00,8.39,0
45,8.00,8.39,0
45,8.00,8.33,0
45,8.00,8.39,0
45,8.00,8.52,0
45,8.00,8.46,0
45,8.00,8.46,0
45,8.00,8.33,0
45,8.00,8.20,0
45,8.00,8.46,0
45,8.00,8.39,0
45,8.00,8.27,0
45,8.00,8.27,0
45,8.00,8.27,0
45,8.00,8.33,0
45,8.00,8.39,0
45,8.00,8.46,0
45,8.00,8.46,0
45,8.00,8.46,0
45,8.00,8.39,0
45,8.00,8.39,0
45,8.00,8.39,0
45,8.00,8.46,0
45,8.00,8.46,0
45,8.00,8.27,0
45,8.00,8.14,0
45,8.00,8.46,0
45,8.00,8.46,0
45,8.00,8.33,0
45,8.00,8.52,0
45,8.00,8.27,0
45,8.00,8.39,0
45,8.00,8.59,0
45,8.00,8.27,0
45,8.00,8.27,0
45,8.00,8.27,0
45,8.00,8.39,0
45,8.00,8.39,0
45,8.00,8.33,0
45,8.00,8.39,0
45,8.00,8.39,0
45,8.00,8.39,0
45,8.00,8.46,0
45,8.00,8.46,0
45,8.00,8.27,0
45,8.00,8.46,0
45,8.00,8.52,0
45,8.00,8.52,0
45,8.00,8.33,0
45,8.00,8.39,0
45,8.00,8.59,0
45,8.00,8.46,0
45,8.00,8.46,0
45,8.00,8.39,0
45,8.00,8.39,0
45,8.00,8.46,0
45,8.00,8.52,0
45,8.00,8.39,0
45,8.00,8.52,0
45,8.00,8.39,0
45,8.00,8.33,0
45,8.00,8.33,0
45,8.00,8.33,0
45,8.00,8.52,0
45,8.00,8.39,0
45,8.00,8.46,0
45,8.00,8.46,0
45,8.00,8.27,0
45,8.00,8.46,0
45,8.00,8.52,0
45,8.00,8.39,0
45,8.00,8.46,0
45,8.00,8.33,0
45,8.00,8.52,0
45,8.00,8.20,0
45,8.00,8.39,0
45,8.00,8.27,0
45,8.00,8.27,0
45,8.00,8.20,0
45,8.00,8.27,0
45,8.00,8.33,0
45,8.00,8.33,0
45,8.00,8.39,0
45,8.00,8.33,0
45,8.00,8.20,0
45,8.00,8.27,0
45,8.00,8.20,0
45,8.00,8.27,0
45,8.00,7.82,0
45,8.00,8.33,0
45,8.00,8.33,0
45,8.00,8.39,0
45,8.00